1.249620293438623122e+02
1.229909443307548003e+02
1.246234736935566758e+02
1.242144567609672521e+02
1.223034326952089828e+02
1.222411012649217383e+02
1.232876491628051525e+02
1.257836276183797253e+02
1.271214973157277370e+02
1.263165414879883031e+02
1.270904559341041846e+02
1.272544173919607005e+02
1.272031513131785090e+02
1.260775301386439224e+02
1.248229138103195766e+02
1.265479894988527718e+02
1.248480914180456125e+02
1.236798555839113618e+02
1.239151970546471233e+02
1.243546691438162668e+02
1.224602282890824654e+02
1.245586127181027223e+02
1.234678133949188918e+02
1.258170101741532534e+02
1.259063495806374675e+02
1.259952858947967655e+02
1.249068768949019415e+02
1.261027675079074157e+02
1.243440706089050991e+02
1.252140539684414051e+02
1.253838895685193364e+02
1.243139228742006139e+02
1.253646689691968419e+02
1.243641585106018965e+02
1.249785460040004637e+02
1.245408984065534810e+02
1.244621391757904263e+02
1.239021230179077264e+02
1.237798226433701814e+02
1.247810316626429028e+02
1.237544520330601756e+02
1.241519378493674282e+02
1.258654827046099882e+02
1.236974940152738753e+02
1.259539469055357301e+02
1.238364664059021862e+02
1.246965091730911581e+02
1.240762721458883959e+02
1.257709341046687399e+02
1.254563256627796477e+02
1.231668467428664826e+02
1.246813184442899853e+02
1.228308095419575778e+02
1.222937330747211035e+02
1.234887865897978116e+02
1.248870944059756880e+02
1.249301679639767144e+02
1.248168831697386167e+02
1.239056993720900124e+02
1.237767519080955481e+02
1.241574380515775289e+02
1.251771179992925767e+02
1.240049776807097146e+02
1.252184893449136922e+02
1.237080940630648200e+02
1.237468916071579770e+02
1.247476826160563377e+02
1.244931946240950964e+02
1.250183768903787040e+02
1.238035106123928273e+02
1.234931909490978228e+02
1.245659626777236042e+02
1.247936727286499234e+02
1.253981722851090126e+02
1.246772877604772418e+02
1.255911939788132230e+02
1.246014347012842194e+02
1.249231679461674673e+02
1.252963361554528063e+02
1.255705699687311778e+02
1.253858411799226360e+02
1.253266391855799782e+02
1.251927630280304271e+02
1.248537789754985141e+02
1.241781350391547392e+02
1.236137269546646422e+02
1.231182624016969385e+02
1.241933612168441954e+02
1.234440576525774986e+02
1.246954546595095650e+02
1.249612935122042501e+02
1.251828531758884395e+02
1.252959655181268346e+02
1.246619154746642693e+02
1.239690204131766222e+02
1.236428442603126001e+02
1.238227535198487033e+02
1.229564925230063466e+02
1.238472607399359049e+02
1.221679977789452209e+02
1.228567745426344260e+02
