1.249711770559388953e+02
1.241795998976098474e+02
1.230434687710503994e+02
1.240365333080712702e+02
1.220289171669038666e+02
1.244542916807333057e+02
1.230878506714150689e+02
1.273358974831632224e+02
1.270851323538155526e+02
1.279889636522330960e+02
1.265587466512917842e+02
1.270539393456763690e+02
1.267482402132472288e+02
1.259955728002472455e+02
1.265690270484933819e+02
1.259431149088376856e+02
1.258848528381203806e+02
1.227015718291727211e+02
1.241418707463542432e+02
1.250737765985186201e+02
1.238546589160819025e+02
1.239599808247197359e+02
1.234161126034968845e+02
1.261419828291861620e+02
1.252443261216122892e+02
1.260566011960687973e+02
1.251719302269596312e+02
1.261205912923568633e+02
1.243440287970020535e+02
1.252140735108137051e+02
1.247885446969522576e+02
1.243807550230515204e+02
1.240646012639331985e+02
1.253684666609486271e+02
1.240121067707769527e+02
1.238181518602361280e+02
1.241260757341216134e+02
1.236573115513130432e+02
1.237354262770818139e+02
1.255376782753729969e+02
1.257529540977374722e+02
1.236931560226845619e+02
1.258771779678332337e+02
1.247336533881620113e+02
1.243656821747627390e+02
1.238524288991708318e+02
1.237259897740142236e+02
1.227067936457934678e+02
1.236863705908705526e+02
1.239436692582424655e+02
1.227114325557095071e+02
1.249016888522513540e+02
1.236603795214703183e+02
1.249788392470700700e+02
1.227716365214298264e+02
1.250733424365216990e+02
1.257570209088660675e+02
1.248172447975410364e+02
1.241248902529112712e+02
1.251935009459479176e+02
1.243873842081813166e+02
1.252326743270214848e+02
1.239045709720725057e+02
1.237227726450402940e+02
1.237165852744045367e+02
1.238636454264336635e+02
1.238529566363139480e+02
1.241260767970011472e+02
1.238567340751526871e+02
1.236184856093968421e+02
1.233008880855173572e+02
1.247027761015401524e+02
1.252183856843636249e+02
1.259341545254817589e+02
1.260310406241124497e+02
1.255980791640358234e+02
1.246378614363843411e+02
1.242879717306727798e+02
1.246128122006187908e+02
1.255061662527924824e+02
1.245010520940366519e+02
1.246481632385471556e+02
1.248705620090533017e+02
1.255233349979431097e+02
1.235015989947372645e+02
1.236024560999978235e+02
1.244471576861084685e+02
1.242251956502543067e+02
1.244434681950225468e+02
1.258852106234522665e+02
1.248714297181774953e+02
1.252266548247833242e+02
1.253562215612762714e+02
1.252051072471581534e+02
1.243649496120361562e+02
1.235557196706980250e+02
1.238218805972816625e+02
1.236896350573678660e+02
1.224353821276290404e+02
1.240439334809613001e+02
1.236925688600935302e+02
